   0.0000000e+00  -1.7118878e+00   1.0000000e+00  -1.0000000e+00
   1.0000000e-01  -7.5888212e-01   7.0710678e-01  -7.0710678e-01
   2.0000000e-01   2.0686367e-01   5.7735027e-01  -5.7735027e-01
   3.0000000e-01   3.6504494e-01   5.0000000e-01  -5.0000000e-01
   4.0000000e-01   2.1117088e-02   4.4721360e-01  -4.4721360e-01
   5.0000000e-01   1.9629012e-01   4.0824829e-01  -4.0824829e-01
   6.0000000e-01   3.0969551e-02   3.7796447e-01  -3.7796447e-01
   7.0000000e-01   1.1592133e-02   3.5355339e-01  -3.5355339e-01
   8.0000000e-01  -1.4932884e-01   3.3333333e-01  -3.3333333e-01
   9.0000000e-01   6.1694044e-02   3.1622777e-01  -3.1622777e-01
   1.0000000e+00   7.4058060e-02   3.0151134e-01  -3.0151134e-01
   1.1000000e+00   1.6854035e-01   2.8867513e-01  -2.8867513e-01
   1.2000000e+00  -6.8117222e-02   2.7735010e-01  -2.7735010e-01
   1.3000000e+00  -1.2219591e-01   2.6726124e-01  -2.6726124e-01
   1.4000000e+00  -2.0598098e-01   2.5819889e-01  -2.5819889e-01
   1.5000000e+00  -1.2697091e-01   2.5000000e-01  -2.5000000e-01
   1.6000000e+00  -9.1936407e-02   2.4253563e-01  -2.4253563e-01
   1.7000000e+00  -7.1691639e-02   2.3570226e-01  -2.3570226e-01
   1.8000000e+00  -1.2573022e-01   2.2941573e-01  -2.2941573e-01
   1.9000000e+00  -1.0555011e-01   2.2360680e-01  -2.2360680e-01
   2.0000000e+00  -1.3393065e-01   2.1821789e-01  -2.1821789e-01
   2.1000000e+00  -3.4578516e-02   2.1320072e-01  -2.1320072e-01
   2.2000000e+00  -1.7690320e-02   2.0851441e-01  -2.0851441e-01
   2.3000000e+00   1.7362882e-02   2.0412415e-01  -2.0412415e-01
   2.4000000e+00   7.9750648e-02   2.0000000e-01  -2.0000000e-01
   2.5000000e+00   5.7145829e-02   1.9611614e-01  -1.9611614e-01
   2.6000000e+00   4.4585462e-02   1.9245009e-01  -1.9245009e-01
   2.7000000e+00   4.1797414e-02   1.8898224e-01  -1.8898224e-01
   2.8000000e+00   8.6345019e-02   1.8569534e-01  -1.8569534e-01
   2.9000000e+00   4.5883775e-02   1.8257419e-01  -1.8257419e-01
   3.0000000e+00   3.3107544e-02   1.7960530e-01  -1.7960530e-01
   3.1000000e+00   4.1418746e-02   1.7677670e-01  -1.7677670e-01
   3.2000000e+00   3.9470003e-02   1.7407766e-01  -1.7407766e-01
   3.3000000e+00   4.6014868e-02   1.7149859e-01  -1.7149859e-01
   3.4000000e+00   9.4706226e-02   1.6903085e-01  -1.6903085e-01
   3.5000000e+00   1.0001025e-01   1.6666667e-01  -1.6666667e-01
   3.6000000e+00   1.1977663e-01   1.6439899e-01  -1.6439899e-01
   3.7000000e+00   1.4239320e-01   1.6222142e-01  -1.6222142e-01
   3.8000000e+00   1.6839342e-01   1.6012815e-01  -1.6012815e-01
   3.9000000e+00   1.7752251e-01   1.5811388e-01  -1.5811388e-01
   4.0000000e+00   2.2203747e-01   1.5617376e-01  -1.5617376e-01
   4.1000000e+00   1.9379302e-01   1.5430335e-01  -1.5430335e-01
   4.2000000e+00   1.7719178e-01   1.5249857e-01  -1.5249857e-01
   4.3000000e+00   1.7361988e-01   1.5075567e-01  -1.5075567e-01
   4.4000000e+00   1.7053435e-01   1.4907120e-01  -1.4907120e-01
   4.5000000e+00   1.8417846e-01   1.4744196e-01  -1.4744196e-01
   4.6000000e+00   1.5858561e-01   1.4586499e-01  -1.4586499e-01
   4.7000000e+00   1.5805711e-01   1.4433757e-01  -1.4433757e-01
   4.8000000e+00   1.6941370e-01   1.4285714e-01  -1.4285714e-01
   4.9000000e+00   1.3899772e-01   1.4142136e-01  -1.4142136e-01
   5.0000000e+00   1.4067955e-01   1.4002801e-01  -1.4002801e-01
   5.1000000e+00   1.4930165e-01   1.3867505e-01  -1.3867505e-01
   5.2000000e+00   1.5202716e-01   1.3736056e-01  -1.3736056e-01
   5.3000000e+00   1.6491418e-01   1.3608276e-01  -1.3608276e-01
   5.4000000e+00   1.8228171e-01   1.3483997e-01  -1.3483997e-01
   5.5000000e+00   1.3391954e-01   1.3363062e-01  -1.3363062e-01
   5.6000000e+00   1.0252626e-01   1.3245324e-01  -1.3245324e-01
   5.7000000e+00   9.5456234e-02   1.3130643e-01  -1.3130643e-01
   5.8000000e+00   1.1514542e-01   1.3018891e-01  -1.3018891e-01
   5.9000000e+00   1.2765080e-01   1.2909944e-01  -1.2909944e-01
   6.0000000e+00   1.2845216e-01   1.2803688e-01  -1.2803688e-01
   6.1000000e+00   1.1361558e-01   1.2700013e-01  -1.2700013e-01
   6.2000000e+00   1.3295509e-01   1.2598816e-01  -1.2598816e-01
   6.3000000e+00   1.6728184e-01   1.2500000e-01  -1.2500000e-01
   6.4000000e+00   1.8700207e-01   1.2403473e-01  -1.2403473e-01
   6.5000000e+00   1.7911552e-01   1.2309149e-01  -1.2309149e-01
   6.6000000e+00   1.7060105e-01   1.2216944e-01  -1.2216944e-01
   6.7000000e+00   1.6144987e-01   1.2126781e-01  -1.2126781e-01
   6.8000000e+00   1.6099820e-01   1.2038585e-01  -1.2038585e-01
   6.9000000e+00   1.5607409e-01   1.1952286e-01  -1.1952286e-01
   7.0000000e+00   1.6058225e-01   1.1867817e-01  -1.1867817e-01
   7.1000000e+00   1.4637942e-01   1.1785113e-01  -1.1785113e-01
   7.2000000e+00   1.6302757e-01   1.1704115e-01  -1.1704115e-01
   7.3000000e+00   1.5467544e-01   1.1624764e-01  -1.1624764e-01
   7.4000000e+00   1.6392923e-01   1.1547005e-01  -1.1547005e-01
   7.5000000e+00   1.6617867e-01   1.1470787e-01  -1.1470787e-01
   7.6000000e+00   1.5684150e-01   1.1396058e-01  -1.1396058e-01
   7.7000000e+00   1.4150904e-01   1.1322770e-01  -1.1322770e-01
   7.8000000e+00   1.5386511e-01   1.1250879e-01  -1.1250879e-01
   7.9000000e+00   1.3618356e-01   1.1180340e-01  -1.1180340e-01
   8.0000000e+00   1.2635237e-01   1.1111111e-01  -1.1111111e-01
   8.1000000e+00   1.2563912e-01   1.1043153e-01  -1.1043153e-01
   8.2000000e+00   1.2647746e-01   1.0976426e-01  -1.0976426e-01
   8.3000000e+00   1.2756232e-01   1.0910895e-01  -1.0910895e-01
   8.4000000e+00   1.2962756e-01   1.0846523e-01  -1.0846523e-01
   8.5000000e+00   1.2785229e-01   1.0783277e-01  -1.0783277e-01
   8.6000000e+00   1.2579318e-01   1.0721125e-01  -1.0721125e-01
   8.7000000e+00   1.1497664e-01   1.0660036e-01  -1.0660036e-01
   8.8000000e+00   9.6527723e-02   1.0599979e-01  -1.0599979e-01
   8.9000000e+00   9.0267254e-02   1.0540926e-01  -1.0540926e-01
   9.0000000e+00   9.1579849e-02   1.0482848e-01  -1.0482848e-01
   9.1000000e+00   8.3788868e-02   1.0425721e-01  -1.0425721e-01
   9.2000000e+00   8.0917727e-02   1.0369517e-01  -1.0369517e-01
   9.3000000e+00   9.1011874e-02   1.0314212e-01  -1.0314212e-01
   9.4000000e+00   8.0062045e-02   1.0259784e-01  -1.0259784e-01
   9.5000000e+00   7.6029504e-02   1.0206207e-01  -1.0206207e-01
   9.6000000e+00   7.3852139e-02   1.0153462e-01  -1.0153462e-01
   9.7000000e+00   6.7840930e-02   1.0101525e-01  -1.0101525e-01
   9.8000000e+00   6.4515200e-02   1.0050378e-01  -1.0050378e-01
   9.9000000e+00   7.3284906e-02   1.0000000e-01  -1.0000000e-01
   1.0000000e+01   7.4166616e-02   9.9503719e-02  -9.9503719e-02
