   0.0000000e+00   1.0000000e+00   2.7118878e+00   2.7118878e+00
   1.0000000e-01   1.0000000e+00   8.0587646e-01   1.7588821e+00
   2.0000000e-01   1.0000000e+00  -1.1383553e+00   7.9313633e-01
   3.0000000e-01   1.0000000e+00   1.6041125e-01   6.3495506e-01
   4.0000000e-01   1.0000000e+00   2.3545943e+00   9.7888291e-01
   5.0000000e-01   1.0000000e+00  -7.2155288e-02   8.0370988e-01
   6.0000000e-01   1.0000000e+00   1.9609539e+00   9.6903045e-01
   7.0000000e-01   1.0000000e+00   1.1240498e+00   9.8840787e-01
   8.0000000e-01   1.0000000e+00   2.4366966e+00   1.1493288e+00
   9.0000000e-01   1.0000000e+00  -9.6090000e-01   9.3830596e-01
   1.0000000e+00   1.0000000e+00   8.0230177e-01   9.2594194e-01
   1.1000000e+00   1.0000000e+00  -2.0784549e-01   8.3145965e-01
   1.2000000e+00   1.0000000e+00   3.9080080e+00   1.0681172e+00
   1.3000000e+00   1.0000000e+00   1.8252189e+00   1.1221959e+00
   1.4000000e+00   1.0000000e+00   2.3789720e+00   1.2059810e+00
   1.5000000e+00   1.0000000e+00  -5.8180258e-02   1.1269709e+00
   1.6000000e+00   1.0000000e+00   5.3138442e-01   1.0919364e+00
   1.7000000e+00   1.0000000e+00   7.2753059e-01   1.0716916e+00
   1.8000000e+00   1.0000000e+00   2.0984246e+00   1.1257302e+00
   1.9000000e+00   1.0000000e+00   7.2212807e-01   1.1055501e+00
   2.0000000e+00   1.0000000e+00   1.7015415e+00   1.1339306e+00
   2.1000000e+00   1.0000000e+00  -1.0518163e+00   1.0345785e+00
   2.2000000e+00   1.0000000e+00   6.4615000e-01   1.0176903e+00
   2.3000000e+00   1.0000000e+00   1.7641347e-01   9.8263712e-01
   2.4000000e+00   1.0000000e+00  -5.7705702e-01   9.2024935e-01
   2.5000000e+00   1.0000000e+00   1.5079747e+00   9.4285417e-01
   2.6000000e+00   1.0000000e+00   1.2819841e+00   9.5541454e-01
   2.7000000e+00   1.0000000e+00   1.0334799e+00   9.5820259e-01
   2.8000000e+00   1.0000000e+00  -3.3367794e-01   9.1365498e-01
   2.9000000e+00   1.0000000e+00   2.1274923e+00   9.5411622e-01
   3.0000000e+00   1.0000000e+00   1.3501794e+00   9.6689246e-01
   3.1000000e+00   1.0000000e+00   7.0093397e-01   9.5858125e-01
   3.2000000e+00   1.0000000e+00   1.0228898e+00   9.6053000e-01
   3.3000000e+00   1.0000000e+00   7.3800457e-01   9.5398513e-01
   3.4000000e+00   1.0000000e+00  -7.5021237e-01   9.0529377e-01
   3.5000000e+00   1.0000000e+00   7.1434903e-01   8.9998975e-01
   3.6000000e+00   1.0000000e+00   1.6863349e-01   8.8022337e-01
   3.7000000e+00   1.0000000e+00   2.0793695e-02   8.5760680e-01
   3.8000000e+00   1.0000000e+00  -1.5640166e-01   8.3160658e-01
   3.9000000e+00   1.0000000e+00   4.6644289e-01   8.2247749e-01
   4.0000000e+00   1.0000000e+00  -1.0026357e+00   7.7796253e-01
   4.1000000e+00   1.0000000e+00   1.9642294e+00   8.0620698e-01
   4.2000000e+00   1.0000000e+00   1.5200601e+00   8.2280822e-01
   4.3000000e+00   1.0000000e+00   9.7997215e-01   8.2638012e-01
   4.4000000e+00   1.0000000e+00   9.6522891e-01   8.2946565e-01
   4.5000000e+00   1.0000000e+00   2.0183642e-01   8.1582154e-01
   4.6000000e+00   1.0000000e+00   2.0186853e+00   8.4141439e-01
   4.7000000e+00   1.0000000e+00   8.6678252e-01   8.4194289e-01
   4.8000000e+00   1.0000000e+00   2.8546984e-01   8.3058630e-01
   4.9000000e+00   1.0000000e+00   2.3513858e+00   8.6100228e-01
   5.0000000e+00   1.0000000e+00   7.7522894e-01   8.5932045e-01
   5.1000000e+00   1.0000000e+00   4.1097097e-01   8.5069835e-01
   5.2000000e+00   1.0000000e+00   7.0624640e-01   8.4797284e-01
   5.3000000e+00   1.0000000e+00   1.5207376e-01   8.3508582e-01
   5.4000000e+00   1.0000000e+00  -1.2012830e-01   8.1771829e-01
   5.5000000e+00   1.0000000e+00   3.5259997e+00   8.6608046e-01
   5.6000000e+00   1.0000000e+00   2.6554976e+00   8.9747374e-01
   5.7000000e+00   1.0000000e+00   1.3075352e+00   9.0454377e-01
   5.8000000e+00   1.0000000e+00  -2.5711836e-01   8.8485458e-01
   5.9000000e+00   1.0000000e+00   1.3453197e-01   8.7234920e-01
   6.0000000e+00   1.0000000e+00   8.2346589e-01   8.7154784e-01
   6.1000000e+00   1.0000000e+00   1.7914161e+00   8.8638442e-01
   6.2000000e+00   1.0000000e+00  -3.3200442e-01   8.6704491e-01
   6.3000000e+00   1.0000000e+00  -1.3298672e+00   8.3271816e-01
   6.4000000e+00   1.0000000e+00  -4.4909729e-01   8.1299793e-01
   6.5000000e+00   1.0000000e+00   1.3335108e+00   8.2088448e-01
   6.6000000e+00   1.0000000e+00   1.3913536e+00   8.2939895e-01
   6.7000000e+00   1.0000000e+00   1.4516794e+00   8.3855013e-01
   6.8000000e+00   1.0000000e+00   8.6971535e-01   8.3900180e-01
   6.9000000e+00   1.0000000e+00   1.1836891e+00   8.4392591e-01
   7.0000000e+00   1.0000000e+00   5.2384698e-01   8.3941775e-01
   7.1000000e+00   1.0000000e+00   1.8620216e+00   8.5362058e-01
   7.2000000e+00   1.0000000e+00  -3.6169447e-01   8.3697243e-01
   7.3000000e+00   1.0000000e+00   1.4550296e+00   8.4532456e-01
   7.4000000e+00   1.0000000e+00   1.5129062e-01   8.3607077e-01
   7.5000000e+00   1.0000000e+00   6.6511306e-01   8.3382133e-01
   7.6000000e+00   1.0000000e+00   1.5527833e+00   8.4315850e-01
   7.7000000e+00   1.0000000e+00   2.0390907e+00   8.5849096e-01
   7.8000000e+00   1.0000000e+00  -1.1763868e-01   8.4613489e-01
   7.9000000e+00   1.0000000e+00   2.2606587e+00   8.6381644e-01
   8.0000000e+00   1.0000000e+00   1.6601431e+00   8.7364763e-01
   8.1000000e+00   1.0000000e+00   9.3213445e-01   8.7436088e-01
   8.2000000e+00   1.0000000e+00   8.0477880e-01   8.7352254e-01
   8.3000000e+00   1.0000000e+00   7.8239365e-01   8.7243768e-01
   8.4000000e+00   1.0000000e+00   6.9689238e-01   8.7037244e-01
   8.5000000e+00   1.0000000e+00   1.0230456e+00   8.7214771e-01
   8.6000000e+00   1.0000000e+00   1.0512904e+00   8.7420682e-01
   8.7000000e+00   1.0000000e+00   1.8260628e+00   8.8502336e-01
   8.8000000e+00   1.0000000e+00   2.5269767e+00   9.0347228e-01
   8.9000000e+00   1.0000000e+00   1.4669144e+00   9.0973275e-01
   9.0000000e+00   1.0000000e+00   7.9028666e-01   9.0842015e-01
   9.1000000e+00   1.0000000e+00   1.6251904e+00   9.1621113e-01
   9.2000000e+00   1.0000000e+00   1.1832273e+00   9.1908227e-01
   9.3000000e+00   1.0000000e+00  -2.9767544e-02   9.0898813e-01
   9.4000000e+00   1.0000000e+00   1.9492218e+00   9.1993795e-01
   9.5000000e+00   1.0000000e+00   1.3070619e+00   9.2397050e-01
   9.6000000e+00   1.0000000e+00   1.1351749e+00   9.2614786e-01
   9.7000000e+00   1.0000000e+00   1.5152463e+00   9.3215907e-01
   9.8000000e+00   1.0000000e+00   1.2614063e+00   9.3548480e-01
   9.9000000e+00   1.0000000e+00   5.8514229e-02   9.2671509e-01
   1.0000000e+01   1.0000000e+00   8.3766233e-01   9.2583338e-01
